0.0 0.0 [0. 0. 0. 0. 0. 0. 0. 0. 0.]
0.0 0.0 [1. 1. 1. 1. 1. 1. 1. 1. 1.]
10.205 12.939975850054745 [0. 0. 0. 0. 0. 0. 0. 1. 0.]
10.205 12.939975850054745 [1. 1. 1. 1. 1. 1. 1. 0. 1.]
10.895 13.108545876640932 [0. 0. 0. 0. 1. 0. 0. 0. 0.]
10.895 13.108545876640932 [1. 1. 1. 1. 0. 1. 1. 1. 1.]
10.91 13.137423643926537 [0. 0. 0. 0. 0. 0. 1. 0. 0.]
10.91 13.137423643926537 [1. 1. 1. 1. 1. 1. 0. 1. 1.]
11.43 15.01416331335183 [0. 0. 1. 0. 0. 0. 0. 0. 0.]
11.43 15.01416331335183 [1. 1. 0. 1. 1. 1. 1. 1. 1.]
11.915 14.755601478760532 [0. 0. 0. 1. 0. 0. 0. 0. 0.]
11.915 14.755601478760532 [1. 1. 1. 0. 1. 1. 1. 1. 1.]
12.31 15.624784798518025 [0. 0. 0. 0. 0. 1. 0. 0. 0.]
12.31 15.624784798518025 [1. 1. 1. 1. 1. 0. 1. 1. 1.]
12.69 15.461044596016144 [0. 1. 0. 0. 0. 0. 0. 0. 0.]
12.69 15.461044596016144 [1. 0. 1. 1. 1. 1. 1. 1. 1.]
13.125 16.107432290715984 [0. 0. 0. 0. 0. 0. 0. 0. 1.]
13.125 16.107432290715984 [1. 1. 1. 1. 1. 1. 1. 1. 0.]
13.425 14.721561567985919 [0. 1. 1. 1. 1. 1. 1. 1. 1.]
13.425 14.721561567985919 [1. 0. 0. 0. 0. 0. 0. 0. 0.]
16.885 16.442377413257486 [0. 0. 0. 0. 0. 0. 0. 1. 1.]
16.885 16.442377413257486 [1. 1. 1. 1. 1. 1. 1. 0. 0.]
17.165 15.82490995235044 [0. 0. 0. 0. 1. 0. 0. 1. 0.]
17.165 15.82490995235044 [1. 1. 1. 1. 0. 1. 1. 0. 1.]
17.295 16.25232214177408 [0. 0. 1. 0. 0. 1. 0. 0. 0.]
17.295 16.25232214177408 [1. 1. 0. 1. 1. 0. 1. 1. 1.]
17.325 16.038995448593404 [0. 1. 1. 1. 1. 1. 1. 1. 0.]
17.325 16.038995448593404 [1. 0. 0. 0. 0. 0. 0. 0. 1.]
17.475 16.866516386023523 [0. 0. 0. 0. 0. 1. 0. 0. 1.]
17.475 16.866516386023523 [1. 1. 1. 1. 1. 0. 1. 1. 0.]
17.655 15.920928835969336 [0. 0. 0. 1. 0. 0. 0. 0. 1.]
17.655 15.920928835969336 [1. 1. 1. 0. 1. 1. 1. 1. 0.]
18.0 16.47513277639971 [0. 1. 0. 0. 1. 0. 0. 0. 0.]
18.0 16.47513277639971 [1. 0. 1. 1. 0. 1. 1. 1. 1.]
18.04 16.769865831305868 [0. 0. 1. 0. 1. 0. 0. 0. 0.]
18.04 16.769865831305868 [1. 1. 0. 1. 0. 1. 1. 1. 1.]
18.18 16.303606962877875 [0. 0. 0. 1. 0. 0. 1. 0. 0.]
18.18 16.303606962877875 [1. 1. 1. 0. 1. 1. 0. 1. 1.]
18.2 15.639053679810681 [0. 1. 0. 1. 0. 0. 0. 0. 0.]
18.2 15.639053679810681 [1. 0. 1. 0. 1. 1. 1. 1. 1.]
18.39 16.218134911265228 [0. 0. 0. 1. 1. 0. 0. 0. 0.]
18.39 16.218134911265228 [1. 1. 1. 0. 0. 1. 1. 1. 1.]
18.39 16.43617656269243 [0. 0. 1. 0. 0. 0. 0. 1. 0.]
18.39 16.43617656269243 [1. 1. 0. 1. 1. 1. 1. 0. 1.]
18.42 15.679719385244113 [0. 1. 0. 0. 0. 0. 0. 0. 1.]
18.42 15.679719385244113 [1. 0. 1. 1. 1. 1. 1. 1. 0.]
18.435 16.35438091154783 [0. 1. 0. 0. 0. 0. 1. 0. 0.]
18.435 16.35438091154783 [1. 0. 1. 1. 1. 1. 0. 1. 1.]
18.435 16.998699214939947 [0. 0. 0. 1. 0. 0. 0. 1. 0.]
18.435 16.998699214939947 [1. 1. 1. 0. 1. 1. 1. 0. 1.]
18.51 16.01249199843672 [0. 1. 1. 1. 0. 1. 1. 1. 1.]
18.51 16.01249199843672 [1. 0. 0. 0. 1. 0. 0. 0. 0.]
18.51 17.472833198997808 [0. 1. 0. 0. 0. 0. 0. 1. 0.]
18.51 17.472833198997808 [1. 0. 1. 1. 1. 1. 1. 0. 1.]
18.595 16.53151460090696 [0. 0. 0. 0. 1. 0. 0. 0. 1.]
18.595 16.53151460090696 [1. 1. 1. 1. 0. 1. 1. 1. 0.]
18.66 17.902636677316558 [0. 0. 0. 0. 0. 0. 1. 1. 0.]
18.66 17.902636677316558 [1. 1. 1. 1. 1. 1. 0. 0. 1.]
18.765 16.1319488903232 [0. 0. 0. 0. 1. 0. 1. 0. 0.]
18.765 16.1319488903232 [1. 1. 1. 1. 0. 1. 0. 1. 1.]
18.765 16.95552343633189 [0. 0. 1. 0. 0. 0. 0. 0. 1.]
18.765 16.95552343633189 [1. 1. 0. 1. 1. 1. 1. 1. 0.]
18.895 16.269111069754242 [0. 0. 0. 0. 1. 1. 0. 0. 0.]
18.895 16.269111069754242 [1. 1. 1. 1. 0. 0. 1. 1. 1.]
18.97 16.695780904168572 [0. 1. 1. 1. 1. 1. 1. 0. 1.]
18.97 16.695780904168572 [1. 0. 0. 0. 0. 0. 0. 1. 0.]
18.985 17.422823393468693 [0. 0. 1. 1. 0. 0. 0. 0. 0.]
18.985 17.422823393468693 [1. 1. 0. 0. 1. 1. 1. 1. 1.]
19.135 17.06771147518026 [0. 1. 0. 0. 0. 1. 0. 0. 0.]
19.135 17.06771147518026 [1. 0. 1. 1. 1. 0. 1. 1. 1.]
19.305 16.57232557609221 [0. 0. 0. 0. 0. 0. 1. 0. 1.]
19.305 16.57232557609221 [1. 1. 1. 1. 1. 1. 0. 1. 0.]
19.31 16.761381208003115 [0. 1. 0. 1. 1. 1. 1. 1. 1.]
19.31 16.761381208003115 [1. 0. 1. 0. 0. 0. 0. 0. 0.]
19.385 16.930941350084467 [0. 0. 0. 0. 0. 1. 0. 1. 0.]
19.385 16.930941350084467 [1. 1. 1. 1. 1. 0. 1. 0. 1.]
19.605 17.932065553081163 [0. 1. 1. 1. 1. 0. 1. 1. 1.]
19.605 17.932065553081163 [1. 0. 0. 0. 0. 1. 0. 0. 0.]
19.62 17.378883738606458 [0. 1. 1. 0. 1. 1. 1. 1. 1.]
19.62 17.378883738606458 [1. 0. 0. 1. 0. 0. 0. 0. 0.]
19.87 16.784906910674245 [0. 1. 1. 1. 1. 1. 0. 1. 1.]
19.87 16.784906910674245 [1. 0. 0. 0. 0. 0. 1. 0. 0.]
19.91 16.557533028805953 [0. 0. 0. 1. 0. 1. 0. 0. 0.]
19.91 16.557533028805953 [1. 1. 1. 0. 1. 0. 1. 1. 1.]
19.91 17.532880539147012 [0. 1. 1. 0. 0. 0. 0. 0. 0.]
19.91 17.532880539147012 [1. 0. 0. 1. 1. 1. 1. 1. 1.]
20.1 15.575942989109842 [0. 0. 0. 0. 0. 1. 1. 0. 0.]
20.1 15.575942989109842 [1. 1. 1. 1. 1. 0. 0. 1. 1.]
20.165 16.11948432798022 [0. 0. 1. 0. 0. 0. 0. 1. 1.]
20.165 16.11948432798022 [1. 1. 0. 1. 1. 1. 1. 0. 0.]
20.2 18.033302526159762 [0. 0. 1. 0. 0. 0. 1. 0. 0.]
20.2 18.033302526159762 [1. 1. 0. 1. 1. 1. 0. 1. 1.]
20.475 16.936923421920522 [0. 1. 0. 1. 0. 0. 0. 1. 0.]
20.475 16.936923421920522 [1. 0. 1. 0. 1. 1. 1. 0. 1.]
20.5 16.442627527253666 [0. 0. 0. 0. 1. 0. 0. 1. 1.]
20.5 16.442627527253666 [1. 1. 1. 1. 0. 1. 1. 0. 0.]
20.51 15.294767078971814 [0. 1. 0. 1. 0. 0. 1. 0. 0.]
20.51 15.294767078971814 [1. 0. 1. 0. 1. 1. 0. 1. 1.]
20.51 15.352195282760052 [0. 0. 0. 1. 1. 0. 0. 0. 1.]
20.51 15.352195282760052 [1. 1. 1. 0. 0. 1. 1. 1. 0.]
20.6 16.971151993898353 [0. 0. 1. 1. 1. 1. 1. 1. 1.]
20.6 16.971151993898353 [1. 1. 0. 0. 0. 0. 0. 0. 0.]
20.66 16.32220573329475 [0. 1. 1. 1. 1. 0. 1. 1. 0.]
20.66 16.32220573329475 [1. 0. 0. 0. 0. 1. 0. 0. 1.]
20.815 16.28375801220345 [0. 0. 0. 1. 1. 0. 0. 1. 0.]
20.815 16.28375801220345 [1. 1. 1. 0. 0. 1. 1. 0. 1.]
21.005 16.153172289058272 [0. 0. 0. 0. 1. 1. 0. 1. 0.]
21.005 16.153172289058272 [1. 1. 1. 1. 0. 0. 1. 0. 1.]
21.015 15.830185564294563 [0. 0. 0. 0. 1. 1. 0. 0. 1.]
21.015 15.830185564294563 [1. 1. 1. 1. 0. 0. 1. 1. 0.]
21.015 17.756823336396632 [0. 0. 0. 1. 0. 0. 1. 1. 0.]
21.015 17.756823336396632 [1. 1. 1. 0. 1. 1. 0. 0. 1.]
21.075 16.787476731182682 [0. 0. 1. 0. 1. 1. 0. 0. 0.]
21.075 16.787476731182682 [1. 1. 0. 1. 0. 0. 1. 1. 1.]
21.31 16.14230157071785 [0. 0. 0. 1. 0. 0. 1. 0. 1.]
21.31 16.14230157071785 [1. 1. 1. 0. 1. 1. 0. 1. 0.]
21.445 15.94575100144236 [0. 1. 1. 0. 1. 1. 1. 1. 0.]
21.445 15.94575100144236 [1. 0. 0. 1. 0. 0. 0. 0. 1.]
21.445 16.141467560293272 [0. 1. 0. 0. 1. 0. 1. 0. 0.]
21.445 16.141467560293272 [1. 0. 1. 1. 0. 1. 0. 1. 1.]
21.445 16.25844319115456 [0. 1. 1. 0. 0. 0. 0. 1. 0.]
21.445 16.25844319115456 [1. 0. 0. 1. 1. 1. 1. 0. 1.]
21.445 16.74177335290381 [0. 0. 1. 0. 0. 1. 0. 0. 1.]
21.445 16.74177335290381 [1. 1. 0. 1. 1. 0. 1. 1. 0.]
21.445 17.050717726828978 [0. 1. 0. 0. 1. 0. 0. 1. 0.]
21.445 17.050717726828978 [1. 0. 1. 1. 0. 1. 1. 0. 1.]
21.595 15.956533928143669 [0. 1. 1. 1. 0. 1. 1. 0. 1.]
21.595 15.956533928143669 [1. 0. 0. 0. 1. 0. 0. 1. 0.]
21.595 16.426228264577354 [0. 0. 1. 0. 0. 1. 0. 1. 0.]
21.595 16.426228264577354 [1. 1. 0. 1. 1. 0. 1. 0. 1.]
21.595 17.85751872461569 [0. 1. 1. 0. 0. 1. 0. 0. 0.]
21.595 17.85751872461569 [1. 0. 0. 1. 1. 0. 1. 1. 1.]
21.64 16.280061424945547 [0. 1. 0. 1. 0. 0. 0. 0. 1.]
21.64 16.280061424945547 [1. 0. 1. 0. 1. 1. 1. 1. 0.]
21.65 16.314947134453117 [0. 0. 1. 0. 1. 0. 0. 1. 0.]
21.65 16.314947134453117 [1. 1. 0. 1. 0. 1. 1. 0. 1.]
21.675 16.948432818405365 [0. 1. 1. 0. 1. 0. 0. 0. 0.]
21.675 16.948432818405365 [1. 0. 0. 1. 0. 1. 1. 1. 1.]
21.735 15.334104962468466 [0. 1. 0. 0. 1. 0. 0. 0. 1.]
21.735 15.334104962468466 [1. 0. 1. 1. 0. 1. 1. 1. 0.]
21.78 15.526158571906961 [0. 0. 0. 1. 0. 1. 1. 0. 0.]
21.78 15.526158571906961 [1. 1. 1. 0. 1. 0. 0. 1. 1.]
21.78 17.90199988828064 [0. 0. 0. 0. 1. 0. 1. 1. 0.]
21.78 17.90199988828064 [1. 1. 1. 1. 0. 1. 0. 0. 1.]
21.865 16.627290067837272 [0. 0. 1. 0. 1. 0. 0. 0. 1.]
21.865 16.627290067837272 [1. 1. 0. 1. 0. 1. 1. 1. 0.]
21.93 15.035793959748185 [0. 0. 1. 0. 1. 1. 0. 1. 0.]
21.93 15.035793959748185 [1. 1. 0. 1. 0. 0. 1. 0. 1.]
21.93 15.054072538685338 [0. 1. 1. 1. 1. 0. 0. 1. 1.]
21.93 15.054072538685338 [1. 0. 0. 0. 0. 1. 1. 0. 0.]
21.93 17.050076246163826 [0. 0. 0. 0. 0. 0. 1. 1. 1.]
21.93 17.050076246163826 [1. 1. 1. 1. 1. 1. 0. 0. 0.]
21.965 16.40468759227069 [0. 1. 0. 1. 1. 1. 1. 1. 0.]
21.965 16.40468759227069 [1. 0. 1. 0. 0. 0. 0. 0. 1.]
22.16 15.334744862566184 [0. 1. 1. 0. 1. 0. 0. 1. 1.]
22.16 15.334744862566184 [1. 0. 0. 1. 0. 1. 1. 0. 0.]
22.16 15.715101017810861 [0. 1. 1. 0. 0. 0. 0. 0. 1.]
22.16 15.715101017810861 [1. 0. 0. 1. 1. 1. 1. 1. 0.]
22.16 16.723169556038112 [0. 1. 0. 0. 1. 1. 1. 1. 1.]
22.16 16.723169556038112 [1. 0. 1. 1. 0. 0. 0. 0. 0.]
22.16 16.94415533450989 [0. 0. 1. 1. 0. 0. 0. 1. 0.]
22.16 16.94415533450989 [1. 1. 0. 0. 1. 1. 1. 0. 1.]
22.175 16.242363590315296 [0. 1. 0. 0. 0. 0. 1. 1. 0.]
22.175 16.242363590315296 [1. 0. 1. 1. 1. 1. 0. 0. 1.]
22.215 16.10213572790889 [0. 1. 0. 0. 0. 0. 1. 0. 1.]
22.215 16.10213572790889 [1. 0. 1. 1. 1. 1. 0. 1. 0.]
22.23 15.776156059065846 [0. 1. 1. 0. 1. 0. 1. 1. 0.]
22.23 15.776156059065846 [1. 0. 0. 1. 0. 1. 0. 0. 1.]
22.23 16.38405017082162 [0. 1. 1. 1. 1. 1. 0. 1. 0.]
22.23 16.38405017082162 [1. 0. 0. 0. 0. 0. 1. 0. 1.]
22.23 16.464115524376037 [0. 1. 1. 0. 1. 0. 1. 1. 1.]
22.23 16.464115524376037 [1. 0. 0. 1. 0. 1. 0. 0. 0.]
22.23 17.030769213397264 [0. 1. 1. 0. 1. 1. 1. 0. 1.]
22.23 17.030769213397264 [1. 0. 0. 1. 0. 0. 0. 1. 0.]
22.255 16.774086413274496 [0. 0. 1. 1. 1. 0. 1. 1. 1.]
22.255 16.774086413274496 [1. 1. 0. 0. 0. 1. 0. 0. 0.]
22.255 16.910646794253616 [0. 0. 1. 1. 0. 0. 0. 0. 1.]
22.255 16.910646794253616 [1. 1. 0. 0. 1. 1. 1. 1. 0.]
22.33 16.72516367632915 [0. 1. 1. 0. 1. 1. 0. 1. 1.]
22.33 16.72516367632915 [1. 0. 0. 1. 0. 0. 1. 0. 0.]
22.405 15.308199600214257 [0. 1. 0. 1. 1. 1. 1. 0. 1.]
22.405 15.308199600214257 [1. 0. 1. 0. 0. 0. 0. 1. 0.]
22.405 16.983844529434435 [0. 1. 1. 1. 1. 1. 1. 0. 0.]
22.405 16.983844529434435 [1. 0. 0. 0. 0. 0. 0. 1. 1.]
22.405 17.175592420641564 [0. 0. 1. 0. 1. 0. 1. 0. 0.]
22.405 17.175592420641564 [1. 1. 0. 1. 0. 1. 0. 1. 1.]
22.485 14.725140916133876 [0. 0. 1. 1. 1. 1. 0. 1. 1.]
22.485 14.725140916133876 [1. 1. 0. 0. 0. 0. 1. 0. 0.]
22.485 15.657898166740004 [0. 1. 1. 0. 1. 0. 0. 0. 1.]
22.485 15.657898166740004 [1. 0. 0. 1. 0. 1. 1. 1. 0.]
22.485 15.675770316000424 [0. 1. 1. 1. 0. 1. 0. 1. 1.]
22.485 15.675770316000424 [1. 0. 0. 0. 1. 0. 1. 0. 0.]
22.485 15.738163012245108 [0. 0. 0. 1. 1. 1. 1. 1. 0.]
22.485 15.738163012245108 [1. 1. 1. 0. 0. 0. 0. 0. 1.]
22.485 16.9578823854867 [0. 0. 0. 0. 1. 0. 1. 0. 1.]
22.485 16.9578823854867 [1. 1. 1. 1. 0. 1. 0. 1. 0.]
22.485 17.002346161633106 [0. 1. 1. 1. 1. 1. 0. 0. 1.]
22.485 17.002346161633106 [1. 0. 0. 0. 0. 0. 1. 1. 0.]
22.52 14.929822503968357 [0. 0. 1. 1. 1. 0. 0. 1. 1.]
22.52 14.929822503968357 [1. 1. 0. 0. 0. 1. 1. 0. 0.]
22.52 15.738792838080053 [0. 0. 1. 1. 1. 0. 0. 1. 0.]
22.52 15.738792838080053 [1. 1. 0. 0. 0. 1. 1. 0. 1.]
22.58 16.920212764619716 [0. 0. 1. 0. 1. 1. 0. 0. 1.]
22.58 16.920212764619716 [1. 1. 0. 1. 0. 0. 1. 1. 0.]
22.6 16.962605931872616 [0. 0. 1. 1. 1. 1. 1. 1. 0.]
22.6 16.962605931872616 [1. 1. 0. 0. 0. 0. 0. 0. 1.]
22.615 16.546805582951652 [0. 1. 0. 0. 0. 0. 0. 1. 1.]
22.615 16.546805582951652 [1. 0. 1. 1. 1. 1. 1. 0. 0.]
22.665 15.301071040943507 [0. 0. 1. 0. 1. 0. 0. 1. 1.]
22.665 15.301071040943507 [1. 1. 0. 1. 0. 1. 1. 0. 0.]
22.665 16.01133270530595 [0. 0. 0. 0. 0. 1. 0. 1. 1.]
22.665 16.01133270530595 [1. 1. 1. 1. 1. 0. 1. 0. 0.]
22.665 16.425978661863653 [0. 1. 0. 0. 1. 1. 0. 0. 0.]
22.665 16.425978661863653 [1. 0. 1. 1. 0. 0. 1. 1. 1.]
22.665 16.48037545082029 [0. 1. 1. 1. 1. 0. 1. 0. 1.]
22.665 16.48037545082029 [1. 0. 0. 0. 0. 1. 0. 1. 0.]
22.665 16.664416431426574 [0. 1. 1. 1. 0. 1. 1. 1. 0.]
22.665 16.664416431426574 [1. 0. 0. 0. 1. 0. 0. 0. 1.]
22.665 16.987135573721662 [0. 0. 0. 1. 1. 0. 1. 0. 0.]
22.665 16.987135573721662 [1. 1. 1. 0. 0. 1. 0. 1. 1.]
22.665 17.209670973031415 [0. 0. 0. 1. 0. 1. 0. 0. 1.]
22.665 17.209670973031415 [1. 1. 1. 0. 1. 0. 1. 1. 0.]
22.665 18.262605920295165 [0. 0. 1. 0. 0. 0. 1. 1. 0.]
22.665 18.262605920295165 [1. 1. 0. 1. 1. 1. 0. 0. 1.]
22.72 14.79633738463678 [0. 1. 1. 1. 0. 0. 0. 1. 1.]
22.72 14.79633738463678 [1. 0. 0. 0. 1. 1. 1. 0. 0.]
22.72 16.01660388471913 [0. 1. 0. 1. 1. 0. 0. 1. 0.]
22.72 16.01660388471913 [1. 0. 1. 0. 0. 1. 1. 0. 1.]
22.85 17.262893731932664 [0. 0. 1. 1. 0. 0. 1. 0. 0.]
22.85 17.262893731932664 [1. 1. 0. 0. 1. 1. 0. 1. 1.]
22.85 17.36137955348019 [0. 1. 1. 1. 0. 0. 1. 1. 1.]
22.85 17.36137955348019 [1. 0. 0. 0. 1. 1. 0. 0. 0.]
22.965 15.042066846015542 [0. 1. 1. 0. 0. 0. 0. 1. 1.]
22.965 15.042066846015542 [1. 0. 0. 1. 1. 1. 1. 0. 0.]
22.965 15.107738910902585 [0. 0. 1. 1. 1. 1. 0. 1. 0.]
22.965 15.107738910902585 [1. 1. 0. 0. 0. 0. 1. 0. 1.]
22.965 16.228794625602973 [0. 1. 0. 0. 1. 0. 1. 0. 1.]
22.965 16.228794625602973 [1. 0. 1. 1. 0. 1. 0. 1. 0.]
22.965 17.48753198710441 [0. 0. 0. 1. 0. 0. 0. 1. 1.]
22.965 17.48753198710441 [1. 1. 1. 0. 1. 1. 1. 0. 0.]
22.965 18.132395732500438 [0. 1. 1. 0. 0. 1. 1. 1. 1.]
22.965 18.132395732500438 [1. 0. 0. 1. 1. 0. 0. 0. 0.]
22.985 16.754544905786013 [0. 0. 0. 1. 1. 0. 0. 1. 1.]
22.985 16.754544905786013 [1. 1. 1. 0. 0. 1. 1. 0. 0.]
22.985 16.897478362169903 [0. 0. 1. 0. 0. 1. 1. 0. 0.]
22.985 16.897478362169903 [1. 1. 0. 1. 1. 0. 0. 1. 1.]
22.985 17.350641918960807 [0. 1. 1. 0. 0. 0. 1. 0. 0.]
22.985 17.350641918960807 [1. 0. 0. 1. 1. 1. 0. 1. 1.]
23.01 17.279754049175583 [0. 1. 0. 1. 1. 0. 1. 1. 1.]
23.01 17.279754049175583 [1. 0. 1. 0. 0. 1. 0. 0. 0.]
23.04 16.49813322773216 [0. 1. 0. 0. 1. 0. 0. 1. 1.]
23.04 16.49813322773216 [1. 0. 1. 1. 0. 1. 1. 0. 0.]
23.055 14.99939915463283 [0. 1. 0. 1. 1. 0. 0. 0. 1.]
23.055 14.99939915463283 [1. 0. 1. 0. 0. 1. 1. 1. 0.]
23.095 17.363927407127687 [0. 0. 1. 1. 1. 0. 0. 0. 0.]
23.095 17.363927407127687 [1. 1. 0. 0. 0. 1. 1. 1. 1.]
23.165 16.938942558495203 [0. 1. 1. 1. 0. 1. 0. 0. 1.]
23.165 16.938942558495203 [1. 0. 0. 0. 1. 0. 1. 1. 0.]
23.305 15.31149813049004 [0. 0. 1. 0. 1. 1. 0. 1. 1.]
23.305 15.31149813049004 [1. 1. 0. 1. 0. 0. 1. 0. 0.]
23.305 15.792149157097015 [0. 0. 0. 0. 0. 1. 1. 0. 1.]
23.305 15.792149157097015 [1. 1. 1. 1. 1. 0. 0. 1. 0.]
23.305 16.786958479724667 [0. 0. 0. 1. 1. 1. 1. 1. 1.]
23.305 16.786958479724667 [1. 1. 1. 0. 0. 0. 0. 0. 0.]
23.305 16.9263692208341 [0. 1. 0. 0. 0. 1. 0. 1. 0.]
23.305 16.9263692208341 [1. 0. 1. 1. 1. 0. 1. 0. 1.]
23.34 15.262188571761259 [0. 0. 0. 1. 0. 1. 1. 0. 1.]
23.34 15.262188571761259 [1. 1. 1. 0. 1. 0. 0. 1. 0.]
23.345 16.69658572882492 [0. 1. 0. 1. 0. 1. 1. 1. 0.]
23.345 16.69658572882492 [1. 0. 1. 0. 1. 0. 0. 0. 1.]
23.345 17.173117800795524 [0. 1. 0. 1. 1. 1. 0. 1. 1.]
23.345 17.173117800795524 [1. 0. 1. 0. 0. 0. 1. 0. 0.]
23.43 17.05711288583153 [0. 1. 1. 1. 0. 0. 0. 0. 0.]
23.43 17.05711288583153 [1. 0. 0. 0. 1. 1. 1. 1. 1.]
23.465 15.896501973704781 [0. 1. 1. 0. 0. 1. 1. 1. 0.]
23.465 15.896501973704781 [1. 0. 0. 1. 1. 0. 0. 0. 1.]
23.465 16.95637859331998 [0. 1. 0. 0. 1. 0. 1. 1. 1.]
23.465 16.95637859331998 [1. 0. 1. 1. 0. 1. 0. 0. 0.]
23.525 16.264051616986464 [0. 1. 0. 1. 1. 0. 1. 0. 1.]
23.525 16.264051616986464 [1. 0. 1. 0. 0. 1. 0. 1. 0.]
23.57 16.540710383777355 [0. 0. 0. 0. 0. 1. 1. 1. 0.]
23.57 16.540710383777355 [1. 1. 1. 1. 1. 0. 0. 0. 1.]
23.695 14.653735871783686 [0. 1. 0. 1. 0. 1. 1. 0. 0.]
23.695 14.653735871783686 [1. 0. 1. 0. 1. 0. 0. 1. 1.]
23.695 15.286987113228035 [0. 1. 0. 1. 1. 0. 0. 1. 1.]
23.695 15.286987113228035 [1. 0. 1. 0. 0. 1. 1. 0. 0.]
23.695 15.92802483046784 [0. 0. 0. 1. 1. 0. 1. 0. 1.]
23.695 15.92802483046784 [1. 1. 1. 0. 0. 1. 0. 1. 0.]
23.695 16.14843568275268 [0. 1. 1. 1. 0. 0. 0. 1. 0.]
23.695 16.14843568275268 [1. 0. 0. 0. 1. 1. 1. 0. 1.]
23.695 16.64247502626938 [0. 1. 1. 0. 0. 1. 0. 0. 1.]
23.695 16.64247502626938 [1. 0. 0. 1. 1. 0. 1. 1. 0.]
23.695 16.890588355649427 [0. 0. 1. 1. 0. 0. 1. 1. 0.]
23.695 16.890588355649427 [1. 1. 0. 0. 1. 1. 0. 0. 1.]
23.695 17.543716111474218 [0. 0. 1. 1. 0. 1. 0. 0. 1.]
23.695 17.543716111474218 [1. 1. 0. 0. 1. 0. 1. 1. 0.]
23.735 16.45098097378998 [0. 0. 0. 0. 1. 1. 0. 1. 1.]
23.735 16.45098097378998 [1. 1. 1. 1. 0. 0. 1. 0. 0.]
23.77 15.808450271927352 [0. 1. 1. 1. 0. 1. 0. 1. 0.]
23.77 15.808450271927352 [1. 0. 0. 0. 1. 0. 1. 0. 1.]
23.77 16.20268804859243 [0. 1. 1. 1. 1. 0. 0. 1. 0.]
23.77 16.20268804859243 [1. 0. 0. 0. 0. 1. 1. 0. 1.]
23.77 17.661174932602872 [0. 1. 0. 0. 0. 1. 0. 0. 1.]
23.77 17.661174932602872 [1. 0. 1. 1. 1. 0. 1. 1. 0.]
23.81 16.41383258108843 [0. 0. 0. 0. 1. 1. 1. 0. 0.]
23.81 16.41383258108843 [1. 1. 1. 1. 0. 0. 0. 1. 1.]
23.815 15.438936977654906 [0. 1. 1. 0. 0. 1. 0. 1. 0.]
23.815 15.438936977654906 [1. 0. 0. 1. 1. 0. 1. 0. 1.]
23.815 17.030289927068182 [0. 0. 0. 1. 1. 1. 0. 0. 0.]
23.815 17.030289927068182 [1. 1. 1. 0. 0. 0. 1. 1. 1.]
23.815 17.575573248119106 [0. 1. 0. 1. 1. 0. 0. 0. 0.]
23.815 17.575573248119106 [1. 0. 1. 0. 0. 1. 1. 1. 1.]
23.9 16.89556154734136 [0. 0. 1. 1. 1. 1. 0. 0. 1.]
23.9 16.89556154734136 [1. 1. 0. 0. 0. 0. 1. 1. 0.]
23.9 17.358859409534947 [0. 1. 1. 0. 1. 1. 0. 0. 1.]
23.9 17.358859409534947 [1. 0. 0. 1. 0. 0. 1. 1. 0.]
23.9 17.690958142508844 [0. 1. 0. 0. 1. 0. 1. 1. 0.]
23.9 17.690958142508844 [1. 0. 1. 1. 0. 1. 0. 0. 1.]
24.01 16.06922213425404 [0. 0. 1. 0. 0. 1. 0. 1. 1.]
24.01 16.06922213425404 [1. 1. 0. 1. 1. 0. 1. 0. 0.]
24.14 15.491300784633935 [0. 0. 1. 1. 1. 0. 0. 0. 1.]
24.14 15.491300784633935 [1. 1. 0. 0. 0. 1. 1. 1. 0.]
24.14 15.990322073054063 [0. 1. 0. 0. 1. 1. 1. 0. 1.]
24.14 15.990322073054063 [1. 0. 1. 1. 0. 0. 0. 1. 0.]
24.14 16.352076320761228 [0. 1. 0. 1. 0. 1. 0. 0. 0.]
24.14 16.352076320761228 [1. 0. 1. 0. 1. 0. 1. 1. 1.]
24.14 16.650837816758653 [0. 1. 1. 0. 1. 0. 1. 0. 1.]
24.14 16.650837816758653 [1. 0. 0. 1. 0. 1. 0. 1. 0.]
24.14 16.810127899572922 [0. 1. 1. 0. 1. 0. 1. 0. 0.]
24.14 16.810127899572922 [1. 0. 0. 1. 0. 1. 0. 1. 1.]
24.14 16.992657237760078 [0. 1. 1. 1. 0. 0. 1. 0. 0.]
24.14 16.992657237760078 [1. 0. 0. 0. 1. 1. 0. 1. 1.]
24.14 17.16217934878901 [0. 0. 0. 1. 0. 1. 1. 1. 0.]
24.14 17.16217934878901 [1. 1. 1. 0. 1. 0. 0. 0. 1.]
24.14 17.301745576675206 [0. 0. 1. 0. 0. 1. 1. 0. 1.]
24.14 17.301745576675206 [1. 1. 0. 1. 1. 0. 0. 1. 0.]
24.14 17.49429621333765 [0. 1. 0. 1. 0. 0. 1. 1. 0.]
24.14 17.49429621333765 [1. 0. 1. 0. 1. 1. 0. 0. 1.]
24.205 14.953359990316558 [0. 1. 0. 1. 1. 1. 1. 0. 0.]
24.205 14.953359990316558 [1. 0. 1. 0. 0. 0. 0. 1. 1.]
24.225 16.322511295753483 [0. 0. 0. 1. 1. 1. 0. 0. 1.]
24.225 16.322511295753483 [1. 1. 1. 0. 0. 0. 1. 1. 0.]
24.225 16.92762165810661 [0. 1. 1. 0. 0. 1. 1. 0. 0.]
24.225 16.92762165810661 [1. 0. 0. 1. 1. 0. 0. 1. 1.]
24.265 16.912562638464937 [0. 1. 0. 1. 0. 0. 1. 0. 1.]
24.265 16.912562638464937 [1. 0. 1. 0. 1. 1. 0. 1. 0.]
24.3 16.176217110313523 [0. 1. 1. 0. 1. 1. 0. 1. 0.]
24.3 16.176217110313523 [1. 0. 0. 1. 0. 0. 1. 0. 1.]
24.3 16.605721905415614 [0. 1. 0. 0. 1. 1. 1. 1. 0.]
24.3 16.605721905415614 [1. 0. 1. 1. 0. 0. 0. 0. 1.]
24.3 17.088300090997933 [0. 1. 1. 0. 0. 1. 1. 0. 1.]
24.3 17.088300090997933 [1. 0. 0. 1. 1. 0. 0. 1. 0.]
24.3 17.56729916634882 [0. 0. 0. 1. 1. 0. 1. 1. 1.]
24.3 17.56729916634882 [1. 1. 1. 0. 0. 1. 0. 0. 0.]
24.33 15.45610235473355 [0. 0. 0. 1. 1. 1. 1. 0. 1.]
24.33 15.45610235473355 [1. 1. 1. 0. 0. 0. 0. 1. 0.]
24.385 15.606305616640986 [0. 0. 0. 1. 1. 1. 0. 1. 0.]
24.385 15.606305616640986 [1. 1. 1. 0. 0. 0. 1. 0. 1.]
24.385 16.13247578643774 [0. 0. 0. 1. 1. 1. 0. 1. 1.]
24.385 16.13247578643774 [1. 1. 1. 0. 0. 0. 1. 0. 0.]
24.385 17.2472251391347 [0. 0. 1. 1. 1. 0. 1. 1. 0.]
24.385 17.2472251391347 [1. 1. 0. 0. 0. 1. 0. 0. 1.]
24.385 17.34435859292583 [0. 0. 0. 0. 1. 1. 1. 1. 0.]
24.385 17.34435859292583 [1. 1. 1. 1. 0. 0. 0. 0. 1.]
24.385 17.57858853833265 [0. 0. 1. 1. 0. 1. 0. 0. 0.]
24.385 17.57858853833265 [1. 1. 0. 0. 1. 0. 1. 1. 1.]
24.43 16.898375661583568 [0. 0. 1. 0. 1. 1. 1. 1. 0.]
24.43 16.898375661583568 [1. 1. 0. 1. 0. 0. 0. 0. 1.]
24.43 18.020685336579184 [0. 0. 0. 1. 1. 0. 1. 1. 0.]
24.43 18.020685336579184 [1. 1. 1. 0. 0. 1. 0. 0. 1.]
24.495 15.640651361116646 [0. 1. 1. 1. 1. 0. 0. 0. 1.]
24.495 15.640651361116646 [1. 0. 0. 0. 0. 1. 1. 1. 0.]
24.495 15.889933133905881 [0. 0. 0. 1. 1. 1. 1. 0. 0.]
24.495 15.889933133905881 [1. 1. 1. 0. 0. 0. 0. 1. 1.]
24.495 17.066047433427578 [0. 1. 1. 0. 1. 0. 0. 1. 0.]
24.495 17.066047433427578 [1. 0. 0. 1. 0. 1. 1. 0. 1.]
24.495 17.392813889649943 [0. 1. 0. 1. 0. 1. 1. 1. 1.]
24.495 17.392813889649943 [1. 0. 1. 0. 1. 0. 0. 0. 0.]
24.495 17.859450579455125 [0. 0. 0. 1. 0. 0. 1. 1. 1.]
24.495 17.859450579455125 [1. 1. 1. 0. 1. 1. 0. 0. 0.]
24.525 16.40302944580665 [0. 0. 1. 0. 1. 1. 1. 1. 1.]
24.525 16.40302944580665 [1. 1. 0. 1. 0. 0. 0. 0. 0.]
24.525 17.640560506968026 [0. 1. 1. 0. 0. 0. 1. 1. 0.]
24.525 17.640560506968026 [1. 0. 0. 1. 1. 1. 0. 0. 1.]
24.555 16.08903275526531 [0. 1. 0. 1. 0. 1. 1. 0. 1.]
24.555 16.08903275526531 [1. 0. 1. 0. 1. 0. 0. 1. 0.]
24.555 16.202375597423977 [0. 0. 1. 1. 0. 1. 0. 1. 1.]
24.555 16.202375597423977 [1. 1. 0. 0. 1. 0. 1. 0. 0.]
24.555 16.660941600041696 [0. 1. 0. 0. 0. 1. 1. 0. 0.]
24.555 16.660941600041696 [1. 0. 1. 1. 1. 0. 0. 1. 1.]
24.575 17.752869486367548 [0. 1. 1. 1. 0. 0. 1. 1. 0.]
24.575 17.752869486367548 [1. 0. 0. 0. 1. 1. 0. 0. 1.]
24.595 16.369819027710722 [0. 0. 1. 1. 0. 1. 0. 1. 0.]
24.595 16.369819027710722 [1. 1. 0. 0. 1. 0. 1. 0. 1.]
24.595 16.506997758526534 [0. 1. 1. 1. 1. 0. 1. 0. 0.]
24.595 16.506997758526534 [1. 0. 0. 0. 0. 1. 0. 1. 1.]
24.595 16.83956576043456 [0. 0. 1. 1. 1. 0. 1. 0. 0.]
24.595 16.83956576043456 [1. 1. 0. 0. 0. 1. 0. 1. 1.]
24.595 17.209618676774916 [0. 1. 0. 0. 1. 1. 0. 1. 1.]
24.595 17.209618676774916 [1. 0. 1. 1. 0. 0. 1. 0. 0.]
24.595 17.41582541827978 [0. 1. 1. 1. 0. 1. 1. 0. 0.]
24.595 17.41582541827978 [1. 0. 0. 0. 1. 0. 0. 1. 1.]
24.595 17.74713991041937 [0. 0. 0. 0. 1. 0. 1. 1. 1.]
24.595 17.74713991041937 [1. 1. 1. 1. 0. 1. 0. 0. 0.]
24.595 18.159321986241668 [0. 0. 1. 0. 0. 0. 1. 0. 1.]
24.595 18.159321986241668 [1. 1. 0. 1. 1. 1. 0. 1. 0.]
24.66 16.418416488809143 [0. 1. 1. 1. 0. 0. 0. 0. 1.]
24.66 16.418416488809143 [1. 0. 0. 0. 1. 1. 1. 1. 0.]
24.66 17.241937246144936 [0. 1. 1. 1. 0. 0. 1. 0. 1.]
24.66 17.241937246144936 [1. 0. 0. 0. 1. 1. 0. 1. 0.]
24.66 17.591031806008424 [0. 1. 0. 1. 0. 0. 1. 1. 1.]
24.66 17.591031806008424 [1. 0. 1. 0. 1. 1. 0. 0. 0.]
24.7 17.219175357722563 [0. 1. 0. 1. 0. 0. 0. 1. 1.]
24.7 17.219175357722563 [1. 0. 1. 0. 1. 1. 1. 0. 0.]
24.765 16.04274836179886 [0. 1. 0. 0. 0. 1. 1. 1. 0.]
24.765 16.04274836179886 [1. 0. 1. 1. 1. 0. 0. 0. 1.]
24.765 16.38687813465396 [0. 1. 1. 0. 0. 1. 0. 1. 1.]
24.765 16.38687813465396 [1. 0. 0. 1. 1. 0. 1. 0. 0.]
24.765 16.561997916918116 [0. 0. 1. 0. 0. 1. 1. 1. 0.]
24.765 16.561997916918116 [1. 1. 0. 1. 1. 0. 0. 0. 1.]
24.765 17.445050157566186 [0. 0. 1. 1. 0. 1. 1. 0. 0.]
24.765 17.445050157566186 [1. 1. 0. 0. 1. 0. 0. 1. 1.]
24.795 16.616647525900042 [0. 1. 0. 1. 1. 1. 0. 0. 1.]
24.795 16.616647525900042 [1. 0. 1. 0. 0. 0. 1. 1. 0.]
24.795 17.7471962574374 [0. 0. 1. 1. 0. 0. 1. 0. 1.]
24.795 17.7471962574374 [1. 1. 0. 0. 1. 1. 0. 1. 0.]
24.795 17.873247466535005 [0. 0. 1. 0. 1. 0. 1. 1. 0.]
24.795 17.873247466535005 [1. 1. 0. 1. 0. 1. 0. 0. 1.]
24.84 16.328943627803973 [0. 1. 0. 0. 1. 1. 0. 0. 1.]
24.84 16.328943627803973 [1. 0. 1. 1. 0. 0. 1. 1. 0.]
24.84 17.482688580421488 [0. 0. 1. 1. 1. 1. 1. 0. 1.]
24.84 17.482688580421488 [1. 1. 0. 0. 0. 0. 0. 1. 0.]
24.84 17.733989962780512 [0. 1. 0. 0. 0. 0. 1. 1. 1.]
24.84 17.733989962780512 [1. 0. 1. 1. 1. 1. 0. 0. 0.]
24.84 18.077178983458676 [0. 0. 0. 1. 0. 1. 0. 1. 0.]
24.84 18.077178983458676 [1. 1. 1. 0. 1. 0. 1. 0. 1.]
24.85 16.52082019755678 [0. 1. 1. 0. 0. 0. 1. 0. 1.]
24.85 16.52082019755678 [1. 0. 0. 1. 1. 1. 0. 1. 0.]
24.85 17.293279041292315 [0. 1. 1. 0. 1. 1. 0. 0. 0.]
24.85 17.293279041292315 [1. 0. 0. 1. 0. 0. 1. 1. 1.]
24.89 17.04693227533916 [0. 0. 1. 1. 1. 1. 0. 0. 0.]
24.89 17.04693227533916 [1. 1. 0. 0. 0. 0. 1. 1. 1.]
24.95 16.839759499470293 [0. 1. 1. 1. 0. 1. 0. 0. 0.]
24.95 16.839759499470293 [1. 0. 0. 0. 1. 0. 1. 1. 1.]
24.95 17.591119918868156 [0. 1. 0. 1. 1. 0. 1. 0. 0.]
24.95 17.591119918868156 [1. 0. 1. 0. 0. 1. 0. 1. 1.]
25.035 16.224480731289987 [0. 0. 1. 1. 0. 0. 0. 1. 1.]
25.035 16.224480731289987 [1. 1. 0. 0. 1. 1. 1. 0. 0.]
25.035 16.337495983167067 [0. 0. 0. 0. 1. 1. 1. 0. 1.]
25.035 16.337495983167067 [1. 1. 1. 1. 0. 0. 0. 1. 0.]
25.035 17.10215702769683 [0. 0. 1. 0. 1. 1. 1. 0. 0.]
25.035 17.10215702769683 [1. 1. 0. 1. 0. 0. 0. 1. 1.]
25.035 18.267013302672115 [0. 0. 1. 1. 0. 1. 1. 1. 1.]
25.035 18.267013302672115 [1. 1. 0. 0. 1. 0. 0. 0. 0.]
25.19 18.550846341878852 [0. 1. 0. 1. 1. 0. 1. 1. 0.]
25.19 18.550846341878852 [1. 0. 1. 0. 0. 1. 0. 0. 1.]
25.225 17.498696380016426 [0. 0. 1. 0. 1. 1. 1. 0. 1.]
25.225 17.498696380016426 [1. 1. 0. 1. 0. 0. 0. 1. 0.]
25.245 16.912864186766235 [0. 0. 1. 1. 1. 0. 1. 0. 1.]
25.245 16.912864186766235 [1. 1. 0. 0. 0. 1. 0. 1. 0.]
25.305 16.98564025875975 [0. 1. 1. 0. 1. 1. 1. 0. 0.]
25.305 16.98564025875975 [1. 0. 0. 1. 0. 0. 0. 1. 1.]
25.38 16.189058033128426 [0. 0. 0. 1. 0. 1. 0. 1. 1.]
25.38 16.189058033128426 [1. 1. 1. 0. 1. 0. 1. 0. 0.]
25.38 17.37140178569363 [0. 1. 0. 1. 0. 1. 0. 0. 1.]
25.38 17.37140178569363 [1. 0. 1. 0. 1. 0. 1. 1. 0.]
25.38 17.517294311622443 [0. 1. 0. 0. 1. 1. 0. 1. 0.]
25.38 17.517294311622443 [1. 0. 1. 1. 0. 0. 1. 0. 1.]
25.38 17.603567820189177 [0. 0. 1. 0. 1. 0. 1. 0. 1.]
25.38 17.603567820189177 [1. 1. 0. 1. 0. 1. 0. 1. 0.]
25.5 16.510299815569674 [0. 0. 1. 1. 0. 1. 1. 1. 0.]
25.5 16.510299815569674 [1. 1. 0. 0. 1. 0. 0. 0. 1.]
25.53 16.848118589326226 [0. 0. 1. 0. 1. 0. 1. 1. 1.]
25.53 16.848118589326226 [1. 1. 0. 1. 0. 1. 0. 0. 0.]
25.53 17.706470568693245 [0. 0. 1. 1. 1. 1. 1. 0. 0.]
25.53 17.706470568693245 [1. 1. 0. 0. 0. 0. 0. 1. 1.]
25.54 17.465634829573187 [0. 1. 0. 1. 0. 1. 0. 1. 0.]
25.54 17.465634829573187 [1. 0. 1. 0. 1. 0. 1. 0. 1.]
25.54 17.500525706389507 [0. 0. 1. 1. 0. 0. 1. 1. 1.]
25.54 17.500525706389507 [1. 1. 0. 0. 1. 1. 0. 0. 0.]
25.575 17.200708560986666 [0. 1. 1. 0. 0. 0. 1. 1. 1.]
25.575 17.200708560986666 [1. 0. 0. 1. 1. 1. 0. 0. 0.]
25.715 16.625996962588438 [0. 1. 1. 1. 1. 0. 0. 0. 0.]
25.715 16.625996962588438 [1. 0. 0. 0. 0. 1. 1. 1. 1.]
25.715 16.780458128430226 [0. 1. 0. 0. 0. 1. 0. 1. 1.]
25.715 16.780458128430226 [1. 0. 1. 1. 1. 0. 1. 0. 0.]
25.75 17.22578009844547 [0. 1. 1. 1. 1. 1. 0. 0. 0.]
25.75 17.22578009844547 [1. 0. 0. 0. 0. 0. 1. 1. 1.]
25.785 16.194405669860195 [0. 1. 0. 0. 1. 1. 1. 0. 0.]
25.785 16.194405669860195 [1. 0. 1. 1. 0. 0. 0. 1. 1.]
25.81 17.561716886455038 [0. 0. 1. 1. 0. 1. 1. 0. 1.]
25.81 17.561716886455038 [1. 1. 0. 0. 1. 0. 0. 1. 0.]
25.81 18.243187769685427 [0. 0. 1. 0. 0. 0. 1. 1. 1.]
25.81 18.243187769685427 [1. 1. 0. 1. 1. 1. 0. 0. 0.]
25.97 16.928351957588784 [0. 1. 0. 0. 0. 1. 1. 0. 1.]
25.97 16.928351957588784 [1. 0. 1. 1. 1. 0. 0. 1. 0.]
26.045 17.64746369878686 [0. 0. 1. 0. 0. 1. 1. 1. 1.]
26.045 17.64746369878686 [1. 1. 0. 1. 1. 0. 0. 0. 0.]
26.065 16.561424304690703 [0. 1. 0. 1. 0. 1. 0. 1. 1.]
26.065 16.561424304690703 [1. 0. 1. 0. 1. 0. 1. 0. 0.]
26.11 16.461102636214864 [0. 0. 0. 1. 0. 1. 1. 1. 1.]
26.11 16.461102636214864 [1. 1. 1. 0. 1. 0. 0. 0. 0.]
26.165 16.959297597483218 [0. 1. 0. 1. 1. 1. 0. 1. 0.]
26.165 16.959297597483218 [1. 0. 1. 0. 0. 0. 1. 0. 1.]
26.165 17.128857959595557 [0. 1. 0. 1. 1. 1. 0. 0. 0.]
26.165 17.128857959595557 [1. 0. 1. 0. 0. 0. 1. 1. 1.]
26.49 16.643914803915575 [0. 0. 0. 0. 1. 1. 1. 1. 1.]
26.49 16.643914803915575 [1. 1. 1. 1. 0. 0. 0. 0. 0.]
26.76 16.18061803516788 [0. 0. 0. 0. 0. 1. 1. 1. 1.]
26.76 16.18061803516788 [1. 1. 1. 1. 1. 0. 0. 0. 0.]
26.97 17.23076028502515 [0. 1. 0. 0. 0. 1. 1. 1. 1.]
26.97 17.23076028502515 [1. 0. 1. 1. 1. 0. 0. 0. 0.]
