707.145 568.6903937776688
838.24 685.017855533708
916.445 668.3539982486825
1035.39 804.5518056035919
7541.27 7562.6707079642165
8006.355 6813.355351731993
8221.62 6323.133857953664
8371.885 7208.164708285667
8561.07 8861.243783188678
7085.145 6736.997831673615
7516.125 7899.634490239089
9387.88 7653.148517152925
7791.335 7366.740989255358
667.84 439.13398228786616
788.32 582.1739925486195
10143.82 9138.137075881496
644.94 426.04455917192513
553.66 390.948876964751
813.435 555.6260125075139
11686.635 9083.10757680294
9895.84 9295.46001467383
962.325 687.1159213517033
511.605 370.76540962581714
7440.635 6613.422363782234
6555.17 6536.355214574864
6990.78 5108.091806301058
9094.43 7402.621149640173
6364.285 5722.59211929131
5900.83 5296.204183290142
5550.385 5580.6815306712315
9607.675 6692.780526759786
631.54 480.2011124518559
418.485 339.84730361590334
6642.005 5624.800497348772
572.51 433.4537229047641
10664.01 9237.032175428425
398.645 282.33628703197184
5802.415 5427.061790027363
11003.575 8816.731232966955
307.75 206.31969731462868
4755.385 5249.1883283775405
5660.165 5127.1090194938315
6459.46 5551.50026374853
5550.61 4969.84741495149
5966.315 4733.268655567208
454.61 324.50207688087295
366.54 285.47004816617806
7975.235 6704.0960807386255
8120.005 5958.619125684658
4764.445 4639.412731906378
7551.245 6128.104533620082
6245.125 5371.527481952876
5266.695 4844.979925858827
336.375 261.59175135122285
4337.885 3955.479062234435
6091.12 5519.354547010003
6016.265 4432.697921669714
7144.25 4997.644457892138
317.93 225.52027647198378
5906.775 4755.689342711002
10143.82 9138.137075881496 0.1 0
11003.575 8816.731232966955 0.1 1
1035.39 804.5518056035919 0.1 2
9895.84 9295.46001467383 0.14684210526315788 0
11686.635 9083.10757680294 0.14684210526315788 1
962.325 687.1159213517033 0.14684210526315788 2
8561.07 8861.243783188678 0.1936842105263158 0
10664.01 9237.032175428425 0.1936842105263158 1
916.445 668.3539982486825 0.1936842105263158 2
7791.335 7366.740989255358 0.24052631578947367 0
9387.88 7653.148517152925 0.24052631578947367 1
813.435 555.6260125075139 0.24052631578947367 2
8006.355 6813.355351731993 0.2873684210526316 0
9607.675 6692.780526759786 0.2873684210526316 1
838.24 685.017855533708 0.2873684210526316 2
7085.145 6736.997831673615 0.3342105263157895 0
8221.62 6323.133857953664 0.3342105263157895 1
788.32 582.1739925486195 0.3342105263157895 2
7541.27 7562.6707079642165 0.3810526315789473 0
9094.43 7402.621149640173 0.3810526315789473 1
707.145 568.6903937776688 0.3810526315789473 2
7516.125 7899.634490239089 0.4278947368421052 0
8371.885 7208.164708285667 0.4278947368421052 1
667.84 439.13398228786616 0.4278947368421052 2
7440.635 6613.422363782234 0.4747368421052631 0
8120.005 5958.619125684658 0.4747368421052631 1
644.94 426.04455917192513 0.4747368421052631 2
6364.285 5722.59211929131 0.521578947368421 0
6990.78 5108.091806301058 0.521578947368421 1
631.54 480.2011124518559 0.521578947368421 2
6555.17 6536.355214574864 0.5684210526315789 0
7975.235 6704.0960807386255 0.5684210526315789 1
553.66 390.948876964751 0.5684210526315789 2
5900.83 5296.204183290142 0.6152631578947368 0
6642.005 5624.800497348772 0.6152631578947368 1
572.51 433.4537229047641 0.6152631578947368 2
5550.385 5580.6815306712315 0.6621052631578946 0
7551.245 6128.104533620082 0.6621052631578946 1
511.605 370.76540962581714 0.6621052631578946 2
5802.415 5427.061790027363 0.7089473684210525 0
6459.46 5551.50026374853 0.7089473684210525 1
454.61 324.50207688087295 0.7089473684210525 2
5660.165 5127.1090194938315 0.7557894736842105 0
7144.25 4997.644457892138 0.7557894736842105 1
418.485 339.84730361590334 0.7557894736842105 2
5550.61 4969.84741495149 0.8026315789473684 0
5966.315 4733.268655567208 0.8026315789473684 1
366.54 285.47004816617806 0.8026315789473684 2
4755.385 5249.1883283775405 0.8494736842105263 0
6091.12 5519.354547010003 0.8494736842105263 1
398.645 282.33628703197184 0.8494736842105263 2
4764.445 4639.412731906378 0.8963157894736842 0
6245.125 5371.527481952876 0.8963157894736842 1
336.375 261.59175135122285 0.8963157894736842 2
5266.695 4844.979925858827 0.9431578947368421 0
5906.775 4755.689342711002 0.9431578947368421 1
307.75 206.31969731462868 0.9431578947368421 2
4337.885 3955.479062234435 0.99 0
6016.265 4432.697921669714 0.99 1
317.93 225.52027647198378 0.99 2
